3 0.5671875 0.11015625 0.0625 0.0578125
3 0.19375 0.1515625 0.0609375 0.075
3 0.021875 0.196875 0.04375 0.075
3 0.32890625 0.27890625 0.053125 0.0546875
3 0.18671875 0.3328125 0.04375 0.0796875
3 0.5921875 0.6265625 0.1015625 0.08125
3 0.66953125 0.76171875 0.071875 0.128125
3 0.53671875 0.7671875 0.0609375 0.0609375
3 0.3859375 0.715625 0.0578125 0.0765625
3 0.24296875 0.78359375 0.0875 0.09375
3 0.721875 0.76796875 0.040625 0.0875
3 0.70234375 0.603125 0.040625 0.065625
3 0.24140625 0.5953125 0.0546875 0.0765625