3 0.315625 0.15 0.0625 0.0578125
3 0.66484375 0.065625 0.0625 0.075
3 0.8640625 0.0421875 0.1078125 0.0796875
3 0.584375 0.22421875 0.053125 0.0546875
3 0.7296875 0.22578125 0.046875 0.0765625
3 0.46171875 0.62265625 0.1 0.0828125
3 0.43671875 0.76875 0.0765625 0.1234375
3 0.5578125 0.73046875 0.0609375 0.0609375
3 0.6765625 0.63515625 0.059375 0.075
3 0.82734375 0.64921875 0.0890625 0.09375
3 0.39140625 0.79140625 0.04375 0.084375
3 0.35546875 0.6375 0.0421875 0.0640625
3 0.7671875 0.4796875 0.05625 0.075