3 0.190625 0.11171875 0.1 0.10625
3 0.63359375 0.0140625 0.0921875 0.028125
3 0.71328125 0.18671875 0.0875 0.1578125
3 0.534375 0.1703125 0.08125 0.084375
3 0.84609375 0.01796875 0.0859375 0.0359375
3 0.8 0.4875 0.1015625 0.0984375
3 0.86796875 0.69921875 0.140625 0.140625
3 0.6875 0.6984375 0.0828125 0.109375
3 0.415625 0.70859375 0.134375 0.0984375
3 0.40078125 0.88125 0.10625 0.1359375
3 0.5296875 0.82265625 0.0859375 0.090625
3 0.24453125 0.71640625 0.1703125 0.115625
3 0.325 0.90625 0.0921875 0.15