3 0.8125 0.115625 0.0953125 0.1078125
3 0.39375 0.0234375 0.0875 0.046875
3 0.32265625 0.19921875 0.0796875 0.146875
3 0.48984375 0.18125 0.075 0.078125
3 0.16640625 0.0296875 0.1328125 0.059375
3 0.246875 0.48203125 0.09375 0.0921875
3 0.18671875 0.68125 0.13125 0.13125
3 0.35546875 0.6765625 0.0765625 0.1015625
3 0.609375 0.68203125 0.125 0.090625
3 0.6265625 0.84296875 0.0984375 0.1265625
3 0.50546875 0.79140625 0.0796875 0.084375
3 0.7703125 0.68671875 0.159375 0.10625
3 0.69765625 0.865625 0.0828125 0.140625