3 0.28671875 0.0609375 0.0734375 0.090625
3 0.70703125 0.04921875 0.06875 0.084375
3 0.72890625 0.2546875 0.0453125 0.1359375
3 0.575 0.1984375 0.059375 0.0640625
3 0.92890625 0.09375 0.1125 0.1171875
3 0.73359375 0.5390625 0.075 0.0734375
3 0.74375 0.74140625 0.1046875 0.1046875
3 0.58515625 0.69765625 0.0546875 0.0890625
3 0.34453125 0.64296875 0.109375 0.0640625
3 0.290625 0.790625 0.0703125 0.109375
3 0.4171875 0.7703125 0.0625 0.06875
3 0.19140625 0.609375 0.1421875 0.0703125
3 0.21796875 0.7953125 0.0515625 0.128125