3 0.3921875 0.11953125 0.053125 0.0484375
3 0.7515625 0.109375 0.05 0.065625
3 0.9515625 0.128125 0.096875 0.0609375
3 0.63984375 0.24765625 0.04375 0.046875
3 0.78203125 0.2796875 0.0328125 0.071875
3 0.4375 0.61171875 0.0890625 0.065625
3 0.38203125 0.75 0.053125 0.115625
3 0.50859375 0.7375 0.0515625 0.0515625
3 0.64453125 0.66875 0.046875 0.0671875
3 0.7890625 0.7140625 0.0734375 0.0796875
3 0.3328125 0.7625 0.028125 0.0796875
3 0.3296875 0.6046875 0.03125 0.059375
3 0.765625 0.5359375 0.04375 0.0671875