3 0.22109375 0.07734375 0.0890625 0.1015625
3 0.66328125 0.028125 0.0828125 0.05625
3 0.71328125 0.22265625 0.065625 0.15
3 0.54296875 0.18359375 0.0703125 0.075
3 0.89296875 0.04765625 0.1171875 0.0953125
3 0.7546875 0.521875 0.0890625 0.0875
3 0.79140625 0.734375 0.1234375 0.1234375
3 0.61875 0.709375 0.06875 0.1015625
3 0.3578125 0.68203125 0.1234375 0.08125
3 0.31953125 0.84453125 0.0890625 0.125
3 0.45078125 0.8078125 0.075 0.08125
3 0.19140625 0.6671875 0.159375 0.0921875
3 0.24375 0.859375 0.0703125 0.1421875