3 0.71328125 0.0609375 0.0734375 0.090625
3 0.29296875 0.04921875 0.06875 0.084375
3 0.27109375 0.2546875 0.0453125 0.1359375
3 0.425 0.1984375 0.059375 0.0640625
3 0.07109375 0.09375 0.1125 0.1171875
3 0.26640625 0.5390625 0.075 0.0734375
3 0.25625 0.74140625 0.1046875 0.1046875
3 0.41484375 0.69765625 0.0546875 0.0890625
3 0.65546875 0.64296875 0.109375 0.0640625
3 0.709375 0.790625 0.0703125 0.109375
3 0.5828125 0.7703125 0.0625 0.06875
3 0.80859375 0.609375 0.1421875 0.0703125
3 0.78203125 0.7953125 0.0515625 0.128125